$ 1 0.000005 10.20027730826997 50 5 43 5e-11
162 368 64 448 64 2 default-led 1 0 0 0.01
162 368 112 448 112 2 default-led 1 0 0 0.01
162 368 160 448 160 2 default-led 1 0 0 0.01
162 368 208 448 208 2 default-led 1 0 0 0.01
162 320 288 320 240 2 default-led 1 0 0 0.01
162 240 288 240 240 2 default-led 1 0 0 0.01
162 144 288 144 240 2 default-led 1 0 0 0.01
162 64 288 64 240 2 default-led 1 0 0 0.01
v 416 320 320 320 0 0 40 5 0 0 0.5
r 448 256 448 320 0 500
w 448 208 448 256 0
w 448 160 448 208 0
w 448 112 448 160 0
w 448 64 448 112 0
s 64 48 96 48 0 0 false
s 144 48 176 48 0 1 false
s 320 48 352 48 0 0 false
s 240 48 272 48 0 1 false
s 144 96 176 96 0 1 false
s 64 96 96 96 0 0 false
s 320 96 352 96 0 0 false
s 240 96 272 96 0 0 false
s 144 144 176 144 0 0 false
s 64 144 96 144 0 1 false
s 320 144 352 144 0 0 false
s 240 144 272 144 0 0 false
s 240 192 272 192 0 0 false
s 320 192 352 192 0 1 false
s 64 192 96 192 0 1 false
s 144 192 176 192 0 1 false
d 96 48 96 64 2 default
d 96 96 96 112 2 default
d 96 144 96 160 2 default
d 96 192 96 208 2 default
d 176 48 176 64 2 default
d 176 96 176 112 2 default
d 176 144 176 160 2 default
d 176 192 176 208 2 default
d 272 192 272 208 2 default
d 272 144 272 160 2 default
d 272 96 272 112 2 default
d 272 48 272 64 2 default
d 352 48 352 64 2 default
d 352 96 352 112 2 default
d 352 144 352 160 2 default
d 352 192 352 208 2 default
w 96 208 176 208 0
w 176 208 272 208 0
w 272 208 288 208 0
w 288 208 352 208 0
w 352 208 368 208 0
w 368 160 352 160 0
w 352 160 272 160 0
w 272 160 176 160 0
w 96 160 176 160 0
w 96 112 176 112 0
w 272 112 176 112 0
w 352 112 272 112 0
w 352 112 368 112 0
w 368 64 352 64 0
w 352 64 272 64 0
w 272 64 176 64 0
w 176 64 96 64 0
w 320 48 320 96 0
w 320 96 320 144 0
w 320 144 320 192 0
w 320 192 320 240 0
w 240 240 240 192 0
w 240 192 240 144 0
w 240 144 240 96 0
w 240 96 240 48 0
w 144 48 144 96 0
w 144 96 144 144 0
w 144 144 144 192 0
w 144 192 144 240 0
w 64 240 64 192 0
w 64 192 64 144 0
w 64 144 64 96 0
w 64 96 64 48 0
s 64 320 64 288 0 1 false
s 144 320 144 288 0 1 false
s 240 320 240 288 0 1 false
s 320 320 320 288 0 1 false
w 64 320 144 320 0
w 144 320 240 320 0
w 240 320 320 320 0
w -112 320 -32 320 0
w -208 320 -112 320 0
w -288 320 -208 320 0
s -32 320 -32 288 0 0 false
s -112 320 -112 288 0 1 false
s -208 320 -208 288 0 1 false
s -288 320 -288 288 0 1 false
w -288 96 -288 48 0
w -288 144 -288 96 0
w -288 192 -288 144 0
w -288 240 -288 192 0
w -208 192 -208 240 0
w -208 144 -208 192 0
w -208 96 -208 144 0
w -208 48 -208 96 0
w -112 96 -112 48 0
w -112 144 -112 96 0
w -112 192 -112 144 0
w -112 240 -112 192 0
w -32 192 -32 240 0
w -32 144 -32 192 0
w -32 96 -32 144 0
w -32 48 -32 96 0
w -176 64 -256 64 0
w -80 64 -176 64 0
w 0 64 -80 64 0
w 96 64 0 64 0
w 0 112 96 112 0
w 0 112 -80 112 0
w -80 112 -176 112 0
w -256 112 -176 112 0
w -256 160 -176 160 0
w -80 160 -176 160 0
w 0 160 -80 160 0
w 96 160 0 160 0
w 0 208 96 208 0
w -64 208 0 208 0
w -80 208 -64 208 0
w -176 208 -80 208 0
w -256 208 -176 208 0
d 0 192 0 208 2 default
d 0 144 0 160 2 default
d 0 96 0 112 2 default
d 0 48 0 64 2 default
d -80 48 -80 64 2 default
d -80 96 -80 112 2 default
d -80 144 -80 160 2 default
d -80 192 -80 208 2 default
d -176 192 -176 208 2 default
d -176 144 -176 160 2 default
d -176 96 -176 112 2 default
d -176 48 -176 64 2 default
d -256 192 -256 208 2 default
d -256 144 -256 160 2 default
d -256 96 -256 112 2 default
d -256 48 -256 64 2 default
s -208 192 -176 192 0 1 false
s -288 192 -256 192 0 1 false
s -32 192 0 192 0 1 false
s -112 192 -80 192 0 0 false
s -112 144 -80 144 0 0 false
s -32 144 0 144 0 1 false
s -288 144 -256 144 0 1 false
s -208 144 -176 144 0 0 false
s -112 96 -80 96 0 0 false
s -32 96 0 96 0 0 false
s -288 96 -256 96 0 0 false
s -208 96 -176 96 0 1 false
s -112 48 -80 48 0 1 false
s -32 48 0 48 0 1 false
s -208 48 -176 48 0 1 false
s -288 48 -256 48 0 0 false
162 -288 288 -288 240 2 default-led 1 0 0 0.01
162 -208 288 -208 240 2 default-led 1 0 0 0.01
162 -112 288 -112 240 2 default-led 1 0 0 0.01
162 -32 288 -32 240 2 default-led 1 0 0 0.01
w -32 320 64 320 0
s -288 -192 -256 -192 0 0 false
s -208 -192 -176 -192 0 1 false
s -32 -192 0 -192 0 0 false
s -112 -192 -80 -192 0 1 false
s -208 -144 -176 -144 0 1 false
s -288 -144 -256 -144 0 0 false
s -32 -144 0 -144 0 0 false
s -112 -144 -80 -144 0 0 false
s -208 -96 -176 -96 0 0 false
s -288 -96 -256 -96 0 1 false
s -32 -96 0 -96 0 0 false
s -112 -96 -80 -96 0 0 false
s -112 -48 -80 -48 0 0 false
s -32 -48 0 -48 0 0 false
s -288 -48 -256 -48 0 1 false
s -208 -48 -176 -48 0 1 false
d -256 -192 -256 -176 2 default
d -256 -144 -256 -128 2 default
d -256 -96 -256 -80 2 default
d -256 -48 -256 -32 2 default
d -176 -192 -176 -176 2 default
d -176 -144 -176 -128 2 default
d -176 -96 -176 -80 2 default
d -176 -48 -176 -32 2 default
d -80 -48 -80 -32 2 default
d -80 -96 -80 -80 2 default
d -80 -144 -80 -128 2 default
d -80 -192 -80 -176 2 default
d 0 -192 0 -176 2 default
d 0 -144 0 -128 2 default
d 0 -96 0 -80 2 default
d 0 -48 0 -32 2 default
w -256 -32 -176 -32 0
w -176 -32 -80 -32 0
w -80 -32 -64 -32 0
w -64 -32 0 -32 0
w 0 -32 96 -32 0
w 96 -80 0 -80 0
w 0 -80 -80 -80 0
w -80 -80 -176 -80 0
w -256 -80 -176 -80 0
w -256 -128 -176 -128 0
w -80 -128 -176 -128 0
w 0 -128 -80 -128 0
w 0 -128 96 -128 0
w 96 -176 0 -176 0
w 0 -176 -80 -176 0
w -80 -176 -176 -176 0
w -176 -176 -256 -176 0
w -32 -192 -32 -144 0
w -32 -144 -32 -96 0
w -32 -96 -32 -48 0
w -32 -48 -32 0 0
w -112 0 -112 -48 0
w -112 -48 -112 -96 0
w -112 -96 -112 -144 0
w -112 -144 -112 -192 0
w -208 -192 -208 -144 0
w -208 -144 -208 -96 0
w -208 -96 -208 -48 0
w -208 -48 -208 0 0
w -288 0 -288 -48 0
w -288 -48 -288 -96 0
w -288 -96 -288 -144 0
w -288 -144 -288 -192 0
w 64 -144 64 -192 0
w 64 -96 64 -144 0
w 64 -48 64 -96 0
w 64 0 64 -48 0
w 144 -48 144 0 0
w 144 -96 144 -48 0
w 144 -144 144 -96 0
w 144 -192 144 -144 0
w 240 -144 240 -192 0
w 240 -96 240 -144 0
w 240 -48 240 -96 0
w 240 0 240 -48 0
w 320 -48 320 0 0
w 320 -96 320 -48 0
w 320 -144 320 -96 0
w 320 -192 320 -144 0
w 176 -176 96 -176 0
w 272 -176 176 -176 0
w 352 -176 272 -176 0
w 368 -176 352 -176 0
w 352 -128 368 -128 0
w 352 -128 272 -128 0
w 272 -128 176 -128 0
w 96 -128 176 -128 0
w 96 -80 176 -80 0
w 272 -80 176 -80 0
w 352 -80 272 -80 0
w 368 -80 352 -80 0
w 352 -32 368 -32 0
w 288 -32 352 -32 0
w 272 -32 288 -32 0
w 176 -32 272 -32 0
w 96 -32 176 -32 0
d 352 -48 352 -32 2 default
d 352 -96 352 -80 2 default
d 352 -144 352 -128 2 default
d 352 -192 352 -176 2 default
d 272 -192 272 -176 2 default
d 272 -144 272 -128 2 default
d 272 -96 272 -80 2 default
d 272 -48 272 -32 2 default
d 176 -48 176 -32 2 default
d 176 -96 176 -80 2 default
d 176 -144 176 -128 2 default
d 176 -192 176 -176 2 default
d 96 -48 96 -32 2 default
d 96 -96 96 -80 2 default
d 96 -144 96 -128 2 default
d 96 -192 96 -176 2 default
s 144 -48 176 -48 0 1 false
s 64 -48 96 -48 0 1 false
s 320 -48 352 -48 0 1 false
s 240 -48 272 -48 0 0 false
s 240 -96 272 -96 0 0 false
s 320 -96 352 -96 0 0 false
s 64 -96 96 -96 0 1 false
s 144 -96 176 -96 0 0 false
s 240 -144 272 -144 0 0 false
s 320 -144 352 -144 0 0 false
s 64 -144 96 -144 0 0 false
s 144 -144 176 -144 0 1 false
s 240 -192 272 -192 0 1 false
s 320 -192 352 -192 0 0 false
s 144 -192 176 -192 0 1 false
s 64 -192 96 -192 0 0 false
w 448 -176 448 -128 0
w 448 -128 448 -80 0
w 448 -80 448 -32 0
162 368 -32 448 -32 2 default-led 1 0 0 0.01
162 368 -80 448 -80 2 default-led 1 0 0 0.01
162 368 -128 448 -128 2 default-led 1 0 0 0.01
162 368 -176 448 -176 2 default-led 1 0 0 0.01
w 320 0 320 48 0
w 240 0 240 48 0
w 144 0 144 48 0
w 64 0 64 48 0
w -32 0 -32 48 0
w -112 0 -112 48 0
w -208 0 -208 48 0
w -288 0 -288 48 0
w 448 -32 448 64 0
w 448 320 416 320 0
x -183 361 274 364 4 24 Switches\sabove\sare\spart\sof\ssweeper\scircuit,
x -173 395 271 398 4 24 sweeper\senables\sonly\sone\spath\sat\sa\stime\s\s
x -165 432 263 435 4 24 In\sa\ssingle\scycle\ssweeps\sover\severy\sline\s
x -285 466 432 469 4 24 enabling\sit\sfor\sa\scertain\samount\sof\stime,\sthan\smoves\sto\sthe\snext\sone\s
423 -344 -309 -250 -188 0
423 -359 -105 -281 -192 0
x -571 -327 -70 -324 4 24 Straightening\sdiode,\sprevents\s"loop\sgeneration"
x -436 -65 -311 -62 4 24 Button\sitself
423 -365 113 -287 26 0
x -461 151 -349 154 4 24 Power\sline
423 375 -178 453 -265 0
x 340 -276 442 -273 4 24 Data\sLine
423 490 -98 488 215 0
x 469 246 753 249 4 24 Height\sof\sthe\sButton\sMatrix
423 -224 -240 359 -240 0
x -71 -261 205 -258 4 24 Width\sof\sthe\sButton\sMatrix
